504
0.07544583973981989 0.01822400374172628 0
0.2908268317494791 -0.07344497560844288 0
-0.3897083894253787 0.1710980647905712 0
-0.3548303170640304 0.3668599690933339 0
-0.1845062325564271 0.00374695519334356 0
-0.02492800776374343 0.03496979692482372 0
-0.2626272712486119 0.02345026705735387 0
0.1286343365243025 -0.04271095576017253 0
0.1569629601733414 0.07646649198277522 0
0.1723262431773601 0.2871638203851542 0
0.3623230530529498 -0.4364540879022834 0
-0.4838558710029869 -0.1656240733951555 0
0.3561958310717678 -0.416673877664538 0
-0.03786255981574072 -0.356046439945741 0
-0.07251729450423017 0.2018279220925904 0
0.1218811176921065 0.4559401846080461 0
-0.01332477388281822 0.0505215428308784 0
0.1155660502757561 0.3186021673666334 0
-0.253379475561324 0.4511523111268434 0
-0.4831143352045811 0.2973680848231242 0
-0.1346046180786608 -0.2998189076779586 0
-0.05638290993532436 0.3724292454984312 0
0.4183222646064332 -0.257705946692923 0
-0.2638479641302004 -0.4927349844879796 0
-0.3968843462847959 -0.4352088155552827 0
0.4454364557242361 0.4505039583430662 0
-0.3799795670248378 -0.3165839256873205 0
0.1739595380369197 -0.2620494880360081 0
-0.2657472833672048 -0.4145933859186186 0
-0.07103780244573749 0.0676509375382689 0
0.009302763277015402 0.351538411203342 0
0.3060704304893226 0.1257189257309949 0
-0.04202013606393723 -0.232430410787864 0
-0.4579162057097221 -0.1976696925216072 0
-0.234524576677498 0.3454377039758839 0
-0.2285158938993848 0.3333691086930867 0
-0.0653967173447802 -0.1226318149106873 0
-0.07291615714590638 0.4981435067003067 0
0.2979093005861242 -0.03839129352792287 0
-0.2424739363998864 -0.2594510882715239 0
0.4055575382947526 0.20553903300831 0
0.4945222493210083 0.4354365551242946 0
0.3821746533570575 0.2093920681713075 0
0.2524842035514155 -0.497996800577265 0
0.167772682539907 -0.2445297778998779 0
0.1880208376683489 0.06621330749822152 0
-0.1529453086228532 0.4481952599698633 0
-0.1822731072849343 -0.4641166245230629 0
-0.4081086399109183 -0.08191170178531826 0
0.3100248224195324 -0.4128159344315677 0
-0.1974106735525752 0.1188072339806773 0
-0.2068233296338686 -0.0797034507428328 0
0.4241000762433745 -0.1500258097891005 0
-0.4837878644315413 -0.02263762757427767 0
-0.4706103768857293 0.4513954519772859 0
-0.3966460636785683 -0.4303930545508797 0
0.3839316190070767 -0.2612862659257709 0
-0.4382732826641512 -0.05906221927987621 0
0.3412771125708494 -0.1555756057198864 0
0.240791970622532 -0.009355544586997056 0
-0.2386417135024832 0.1487191185808918 0
-0.4777790880555092 -0.03313312263519797 0
0.1316042166497597 -0.1279357104822395 0
-0.2154889867785284 0.2765969869462746 0
-0.2344464717753664 -0.3418532068299625 0
0.4731515715579983 0.2584555593863647 0
-0.1374193291528331 0.3933320910607764 0
-0.2675525329704885 0.2445765461256509 0
-0.4019950934704347 -0.3315367245409048 0
-0.1377306772747363 0.1605042085615026 0
-0.4057718761319032 0.1920771139600102 0
0.2400489097834089 -0.4979790621418311 0
0.4659025668780343 0.424433960043298 0
0.4615592131964482 0.4256886676193109 0
-0.4505705669993261 0.2604800558280945 0
-0.1117076488320787 -0.4704569596522087 0
0.02987889436062319 0.1745733722807592 0
0.0546626435170533 -0.2849547497788023 0
-0.2344812152297061 0.07421355654877937 0
0.3072404217042405 -0.2102387344560016 0
-0.4824122697882469 0.0969815315650604 0
-0.03140365800951017 0.1987161670799518 0
-0.1773853555111078 -0.3156726000045171 0
0.4906102819280794 -0.3129993875632057 0
0.4192917620942851 0.03663832418307511 0
-0.2196896548566312 -0.3240313691310877 0
0.004777636849114364 0.2977385728598931 0
0.09218781310337387 0.4005701941443329 0
0.3832459360205065 0.2144397843763602 0
0.08945042229206346 0.3932428498689484 0
0.2325707569090377 -0.1832943630249187 0
0.3716381619420258 0.1225809381553725 0
0.2178227051327216 -0.05380045208502604 0
-0.2242016850264759 -0.1577223983199544 0
0.1596487580422766 0.2166712542219751 0
-0.406235900154557 0.3932253689442066 0
-0.06123114522661188 -0.1118612574523885 0
-0.05215703980266773 0.3966285319967461 0
0.1357302522619537 0.2183447915300213 0
-0.2790943768612056 0.2608063651815116 0
0.3725736517203726 -0.154642364619898 0
-0.07422486932410383 -0.4973820624848661 0
0.4996757968325873 0.05110954172081272 0
-0.001936611255571819 0.4513707300195198 0
0.1878519926107042 0.2284344250601106 0
0.29737628465274 0.003209918274739709 0
-0.05090749454769072 0.3977356226162385 0
-0.2573977147763574 -0.08339414473939144 0
0.394606104953779 0.1447989569462826 0
-0.3639356501995918 0.33352603095912 0
-0.4280041935183147 -0.4664810257651667 0
-0.1466002973230559 0.08880012583807118 0
0.4637103527446373 -0.420108963195336 0
0.228654951070114 0.003756932917755917 0
0.1427676064360585 0.4951563407621871 0
0.09261140189376793 -0.4801730094292881 0
-0.2677696331103981 -0.4042255039366199 0
0.1819545879791999 0.1107548294689086 0
0.4564141043987257 -0.0481548556575131 0
-0.3386625720548095 0.0981502124091147 0
-0.3893847213027857 -0.3890118015827721 0
-0.1213500701089856 0.4693687152763537 0
-0.3200099368766043 -0.4070104937134408 0
0.3746314308369825 0.430451232409525 0
-0.4061441751254202 -0.06515206728610401 0
-0.01079828060306448 -0.4867059243719148 0
-0.06647102261564791 -0.1784804940023278 0
0.2783347869090128 -0.02724251153622059 0
0.1351049110620328 -0.2917647508827641 0
0.3098302840346753 0.3175774331368296 0
-0.47608766795703 0.3945644594678325 0
0.4448632751078003 -0.1829426579018521 0
0.2827461625288671 0.1147474968943256 0
-0.4388245082821926 -0.3235111775095679 0
-0.2523617844584973 -0.4445133320470465 0
0.06442785129363449 -0.1611077251481896 0
0.2624607824370832 0.1783644530720677 0
-0.2286425267612958 0.2050505994866142 0
0.285420053904336 0.0548398234460874 0
-0.3070916839010005 -0.2899328337888539 0
0.09886086694790131 -0.4454138935035224 0
-0.07130854071239806 -0.4826471083635903 0
0.1500495976303234 -0.1164177145030514 0
0.3674693455616658 0.05728406604126479 0
-0.2267064058470599 -0.2545652103187193 0
-0.4774917475669568 -0.2038015338627636 0
-0.2923819495294075 -0.0634273654440673 0
-0.02373443499555294 0.09534730258895763 0
-0.4978900467957277 -0.03801651209408091 0
0.05647761938765428 0.2193446934403337 0
-0.4737429781572362 -0.1982340940257852 0
0.2795793472599046 -0.109916703877893 0
-0.3700451286230657 -0.3484777848687747 0
0.1338685249293862 -0.07170647249716006 0
-0.170686611598997 0.2701162786876004 0
-0.1557101245557052 -0.02006610205403164 0
-0.2509809781340705 -0.2373014481154284 0
-0.3254405318996315 0.320978997108507 0
-0.3060020225178469 0.0240060244910475 0
0.4692495204221918 -0.3233178498440589 0
-0.003103711645215501 -0.1640855098740063 0
0.214832918918536 -0.3031373306206775 0
0.17088271786541 0.02583391361481879 0
0.190582009209862 0.1118233856855179 0
0.4156384285685033 -0.3649382152268088 0
0.483415626439653 -0.2335741252019761 0
0.3196756456230541 -0.211430428280896 0
0.4887896249897682 0.0872194646738651 0
-0.1024618219607154 -0.07584480482697936 0
0.2763619537245128 -0.1846498280620667 0
-0.4096627071589816 -0.2011199278767406 0
-0.2226301633963642 0.2548416268591226 0
0.1232167138934291 -0.09669447047328061 0
-0.1439684006794993 0.3230869936040481 0
0.1230950617446518 -0.1413021340419558 0
0.135030349842301 0.4550848300150454 0
-0.3892694119264087 -0.451007113746374 0
-0.07656111854739589 0.2372772602711593 0
-0.08109239263561779 0.08015369491665969 0
0.1431459241017196 -0.1464586557321797 0
0.4693703427625544 -0.2926567763021745 0
0.3175590669899798 0.2152325024038856 0
0.4126623048564999 -0.384649419583985 0
0.1972041495118329 0.4101353892219583 0
0.1454795306972038 0.07446737640953383 0
-0.4268091809254225 -0.3819043863396201 0
0.3329778661327231 0.3589895738838144 0
-0.4622384574843929 0.158244764579688 0
-0.380246860794953 0.1910096823154107 0
0.2997252673839455 0.4825626634830261 0
0.4306774697552225 0.3962268926168111 0
0.3853771969539832 0.03454227655617737 0
-0.4479621038287525 0.1009205431685974 0
0.171564331903648 0.4817210491576428 0
0.28566550955704 0.1802129765788214 0
-0.1605079631884657 0.3426600348601677 0
0.08719930014312205 -0.4413670901594377 0
-0.05668476834584474 0.2990949422112619 0
-0.111312509152398 0.1706556339474913 0
0.2092345070179873 -0.3956460993696433 0
0.3760070781000025 -0.4490452291900713 0
-0.1031673961348528 0.06557005603385158 0
0.03592733483382249 -0.1692876421560418 0
-0.2174043047403957 0.08584801674433795 0
-0.1523871628124147 -0.1710481086476223 0
0.1944353852369221 -0.1244857577835077 0
-0.2321340062023457 -0.4762443392316292 0
-0.2386096517914996 -0.3124197053838705 0
0.1620101455245262 -0.0954893502364767 0
0.1104874099702458 -0.03810540776523336 0
-0.4375919252052828 0.3925125867989963 0
-0.04096065418884221 -0.4257185444475324 0
-0.05157711082284999 0.1434948911364142 0
-0.2813697064121903 0.01934261947809035 0
0.09140150397215174 0.1850726317475295 0
-0.4842835808957774 -0.3541442382653656 0
-0.1022136673351877 0.0948899845545087 0
-0.1840342480540594 -0.06360951723867053 0
-0.08515964549515365 -0.2781650836376148 0
-0.1205624333774321 -0.2928207440234914 0
-0.4382464242523969 0.392347107075478 0
0.177821634037254 -0.3518020406847839 0
0.2631010513409051 -0.06063608551457161 0
-0.1106926818477853 -0.411906862549397 0
0.08136044310532553 0.4249627216951575 0
0.3484562918063777 -0.4951102505392491 0
-0.3179808513428838 -0.3041699443051312 0
-0.1842554688307042 0.218332891555813 0
-0.4790972433789608 -0.1873696336405069 0
-0.1214350425837888 0.04123633172478181 0
0.05902306275351255 0.0006113233981759336 0
0.2745084355347869 -0.3367300283505861 0
-0.4215877660751229 0.3744149621337791 0
-0.207738260932023 -0.456953771837944 0
-0.02204361699711871 -0.4870746112308229 0
-0.2629910574881277 -0.09070505769057669 0
-0.4799078088066613 0.1894572295150321 0
0.2076510635275869 -0.008580829956178371 0
-0.2180129193868609 -0.1431383417389713 0
0.2738876005391475 0.2288962050610187 0
0.058512756189809 0.4238889114222386 0
0.3009270432413808 -0.3191905103802593 0
0.3650906243036414 0.07811590105119715 0
-0.1060555568952631 -0.4757478218299782 0
0.1063583140320688 -0.4358208085743904 0
0.1596697882373536 -0.4298742575849167 0
0.1033522217565702 0.04078634087069555 0
0.496026781849588 -0.2778852491433595 0
-0.4173840907564239 0.02558601044638642 0
0.0240734592304318 -0.3973748156776417 0
0.321472103075564 -0.01837003791552971 0
0.2547689846295574 -0.09768123794131095 0
0.271430772050685 -0.06302018143517912 0
-0.1801928008722075 0.4995932383458999 0
-0.336450943571004 0.2689901224980039 0
-0.08301719425527115 -0.2699871116969614 0
0.3266119093882031 0.3663546185627157 0
0.32206740353449 -0.01315522940191927 0
-0.09994436809787932 0.2350022483011729 0
-0.3172185545016253 -0.4922469393277978 0
-0.194309342833524 0.2428726048608055 0
-0.04013591822249435 0.4356188359070745 0
0.4457677681425286 0.01887176979228089 0
0.1778308382982675 -0.1971060258309413 0
0.2390214891536362 0.2341624216494732 0
-0.4321850830988819 0.2653078267027696 0
0.02863740411460158 0.3088468171738524 0
-0.2115500892620069 0.4776475163899805 0
-0.1781996848789972 -0.002106279602373307 0
-0.4002451737413604 0.0793641485081652 0
-0.1267605574119469 -0.4646913436843933 0
-0.06741357973535878 -0.02003799753267133 0
0.2213717123692592 -0.4056358555384314 0
0.4781752275099748 -0.3089588953265537 0
0.3278447518384501 0.08673767008514854 0
-0.1999834707937981 -0.1221959792284257 0
0.2521741513648761 0.2909561030482465 0
0.09921774184258447 -0.4474175413580775 0
0.2533819836130198 -0.4090073121795499 0
-0.1858965136910756 -0.3627080641339608 0
-0.03443497375998178 0.2513923726523224 0
0.1516012872118515 -0.03717092986886478 0
0.2681780720764567 0.2688513773203375 0
-0.4149073943634586 -0.3485777325449304 0
0.4540479327124058 0.1835976309921571 0
-0.2746212647991453 0.4404007573056973 0
-0.1844793229219311 0.4560171821676354 0
0.280773209669416 -0.04467119653212948 0
0.2111963212594356 -0.4234341587158238 0
0.3420938643087575 -0.4284291532155398 0
0.3912213466979763 0.2571669782112976 0
0.2053968717394368 0.105217804298939 0
0.3956321160268338 0.3889670538613266 0
0.3692672903363289 0.2753418798328767 0
-0.3290317168729675 -0.03606682180992032 0
-0.175077790091818 0.4675793843041913 0
-0.3932955720399465 -0.1186801103117691 0
0.3433830061400151 0.238177594950588 0
0.05083255753929961 0.3427902523826717 0
0.2757651999367077 -0.2142907350457187 0
0.4156138509657363 0.2219860155340154 0
-0.08104257013745847 -0.08247957898534797 0
-0.2342872742882811 0.3337789576815246 0
-0.1770647719288848 0.07237566408922491 0
0.4177818684072996 -0.3401448613406577 0
0.1853141968001744 -0.4242997429559936 0
-0.2057804537059557 0.4479122617728191 0
0.0613761973207595 -0.4502560235096663 0
-0.4529875162551063 -0.3611860674444456 0
-0.4542366251854567 -0.3549598500644414 0
0.1897988321164612 -0.05103401704787652 0
0.2712719629251137 0.2678748464843955 0
0.1725388538767946 -0.1394881560834946 0
-0.3774421167349835 0.3303430763355858 0
0.0760774738863832 -0.365900900090021 0
0.3035711378823697 0.1201081002318376 0
-0.3431642566278244 0.4383376291378752 0
0.1405255767894216 -0.1866359130354933 0
0.2102071602923862 -0.04826252399781955 0
-0.1482443666534912 0.4569269022503187 0
-0.429561368124151 0.3620853865166058 0
-0.4309155623716447 -0.3978573208654833 0
0.2120074147470364 0.2086140813386199 0
0.1768595126242 0.4778233780319089 0
-0.2224930703849467 -0.4410361316437238 0
-0.4942649975365633 -0.1118136417230718 0
-0.2518794776423643 -0.3383826770245868 0
-0.197654016965678 0.028934491825229 0
0.301999967360869 -0.2865548425228846 0
-0.1272399524480476 0.4781162887607853 0
-0.2995424524876684 -0.4100005290564155 0
0.1211074447455885 0.4528189785339115 0
-0.4714352376493022 -0.4120393953398237 0
-0.1461181646642444 0.1920037187561428 0
0.006495718850284549 0.1735427530236009 0
-0.2669552036253318 0.2838908455184576 0
0.3534344940943964 0.1735355655416246 0
-0.387755213200818 -0.001869144385558685 0
-0.414713586601162 -0.09125067302142331 0
0.3499353303107762 0.3630898817098606 0
0.451635143208909 -0.3681555356533784 0
0.4099112422297814 0.3782410350425551 0
0.09706908706302675 0.4401415958443112 0
0.4597939978910555 -0.2422849566138209 0
-0.08326782526752707 -0.482342532819456 0
0.2690507655675064 -0.06378912559132011 0
-0.1038372270798658 -0.1922786316762479 0
0.3730350093664927 -0.4006044100044336 0
0.04168027782969208 -0.4795747557464752 0
-0.2129199907303974 0.4537135478609368 0
-0.4364085653204551 0.2812421617854779 0
-0.1629929856052557 -0.4231117050378692 0
-0.2384271731026724 -0.2455003836615946 0
-0.1249501920537559 -0.03788078253891392 0
0.3376842521482001 0.4592192992188217 0
0.09875446380931363 -0.2337314428144428 0
-0.3243614661734192 0.4568366491765126 0
0.05355522134672408 0.1026008423442029 0
0.4123525632660394 0.4095236723399942 0
-0.1356460998166782 0.1959975298456824 0
0.1304786695451277 -0.0450058891857098 0
-0.4139831051360658 0.1859513052608365 0
0.2835821507345718 0.1652012636560959 0
-0.4623669380902936 -0.001128777862646424 0
0.0286265583975488 0.1265628506676879 0
0.1418262684175989 -0.3259117285031004 0
0.4015776863336356 0.3161671537125177 0
-0.1786539411904793 0.3632078970439806 0
0.4351188628330072 0.04272031601771742 0
0.0003470624800278044 -0.166924813917768 0
0.4946498777667525 -0.4195121586504506 0
0.2591489323034407 -0.4839007174446254 0
0.0806417824520187 0.3464331271559309 0
-0.4984385147676231 -0.2561177115478718 0
0.4296201066389868 -0.374874994042213 0
0.4759741537049173 -0.3024063196986973 0
0.4569832779997805 -0.4820541473869739 0
0.11594472696627 -0.3169786984259064 0
-0.4609858765834811 0.2103719564251341 0
-0.2785339223021026 -0.3196338646296727 0
-0.08636424232867013 0.4761759452299922 0
0.08910384084014578 -0.4317516101819944 0
-0.4493128628929266 0.3987129623058373 0
0.1687504408590034 0.1886542837029829 0
-0.2874591935309201 -0.3266673375169442 0
-0.2979430037531471 0.4719343399367615 0
-0.1995562894265692 0.05744125652819987 0
0.4151941071405952 0.1673515496471446 0
-0.3225103032984867 -0.4306689267332376 0
-0.2526521480201298 -0.3246537100753316 0
-0.4549066084017107 0.3846322399420964 0
-0.485950216637878 -0.3652911427107557 0
-0.4482365939284084 0.4875654405798441 0
-0.4876479036059677 0.1016839981094785 0
0.002951517238236501 -0.3938537131937721 0
-0.499358478467314 0.2820523951966804 0
0.4545999504202977 0.4613592433383309 0
0.06479526363759791 0.01399153705126754 0
0.1557591982705139 -0.1551597995265944 0
0.2292466580208825 -0.05142435017174513 0
-0.2890568471411772 -0.1784315525353249 0
0.1008940223612767 -0.2741708767359805 0
0.0100729311910206 0.2957505358343483 0
-0.3207504598617093 0.1470197016811182 0
-0.03987890904758024 -0.2448279636398218 0
0.1764131087590131 -0.02488638090424833 0
-0.2654075760072168 0.2948682110708842 0
-0.1499827524181295 0.2398773694782307 0
-0.3810569698745915 -0.4244936131169029 0
-0.4641562467107142 -0.07403874730136129 0
-0.3692292276483301 0.3643698914576041 0
-0.03524103670869117 -0.2961076002531756 0
0.3195609495225931 -0.1391277877978308 0
-0.3207323423779871 0.4515202505993845 0
-0.2991556229993287 0.09144267867453648 0
-0.122904145738952 0.3500196145381961 0
-0.2203451089750464 -0.3402487322131625 0
0.439556443541829 -0.3748607457381308 0
-0.2845546000493268 0.4908352852713646 0
0.46863180163189 0.2946824466760107 0
-0.2721249356606276 0.3962045688146768 0
0.01018105448240514 0.1129786932030494 0
-0.1671081335908809 0.4135961331553721 0
0.3102027925757718 -0.4216715199143361 0
-0.03323581305633838 0.4056863094732969 0
0.3697962298708002 0.165228631501299 0
-0.002395563761140751 -0.2622440278178491 0
0.4646226050934034 -0.08788374447066688 0
-0.06209654366792788 0.3433871463345244 0
0.3077618440685438 -0.4466930618013191 0
0.4297098884635697 0.1340881312583463 0
-0.3807829035267075 0.1817394939081179 0
0.4956687786576047 -0.2948448940132231 0
-0.4581352858414271 0.1202505357752094 0
0.05074991989019317 -0.04610071568386698 0
0.185267949183721 -0.2015834322213972 0
-0.01274768031458157 -0.2502668604722869 0
-0.2351259121067132 0.2387931498128857 0
0.3964631235194049 0.3557099749852997 0
0.4175428812555437 -0.3568019190400857 0
0.230145572899045 0.0566380001200717 0
-0.08513633821637962 0.1135603507175672 0
-0.3911902917466967 0.2647657620392421 0
-0.08184339160271303 0.4581140609999318 0
-0.4769842726895439 0.3253287270901061 0
-0.2000902557746416 0.08306884866493647 0
0.1381349485722696 -0.3659243400822621 0
-0.09038481171278734 -0.09753366242864509 0
-0.2482675879711915 0.3666469984377241 0
0.2360959604718684 0.06480188999772252 0
0.1253607716647542 -0.06151552457503556 0
0.1085750359190395 -0.179376071486041 0
0.226364025125619 -0.4998353985136704 0
0.266457179809415 0.345815058654002 0
0.1136841784358809 -0.3100178309809583 0
-0.4696867838219617 -0.02577593273089818 0
-0.2161051195264842 -0.07874610328930065 0
-0.4857612801583123 -0.1898357320482244 0
0.4308490384657393 0.2797822088746188 0
0.299578453227485 0.01505713678436083 0
0.06529390398905977 0.3946399203451723 0
-0.2868657603737579 -0.3528362697482447 0
-0.1191868103287991 -0.172724176359106 0
0.02476537136804813 0.2315924761179764 0
0.3747403895247172 0.2617198962361738 0
-0.2737099200242291 -0.2426276181290183 0
0.157620091603715 0.1208744371504285 0
-0.4633396719240953 -0.3498663151169813 0
-0.2031593459687748 -0.4991300203829352 0
0.1217474174888314 0.2088408690959596 0
-0.01151865163028115 0.4060182272512636 0
-0.05166167863799415 -0.2778363775255497 0
0.4040011897720408 0.04798942389710748 0
-0.4417568500542611 0.3926206826163649 0
-0.2241942526066622 -0.03280571851209341 0
-0.3657146891259725 0.433218809248152 0
0.108519730259217 -0.1088982956566832 0
-0.2536581626661664 -0.2327418580956215 0
0.3075888956036316 -0.3534379101856033 0
-0.2309576363591083 0.2950036072125692 0
0.1256201999500582 0.2986956646653783 0
0.1780297804419229 0.1465145811871761 0
0.4705609534592935 -0.2820628055204291 0
0.3704259128965679 -0.2516887595427118 0
-0.1329835775615494 -0.05499094916041097 0
-0.2328860217080321 -0.115368937249639 0
-0.005731364717456833 -0.3270506745456259 0
0.2593115584545876 0.2493570039508464 0
-0.05684046266306236 -0.3176594463341492 0
0.09768403516866642 -0.2244255977910251 0
0.0789757697647212 0.3457579047845285 0
0.1530990946601136 0.1364788414318849 0
-0.2001170354896384 -0.367017821284959 0
-0.4685233770576524 -0.4723984542977051 0
0.3991784028701283 -0.008589998826934009 0
-0.3721141301767101 -0.1221868806725246 0
0.4050935803960017 0.4077986324278625 0
-0.1283918895091786 0.1175101111806092 0
-0.007566220134092694 -0.1654656475088239 0
0.01885970124868652 -0.02500517389271889 0
0 -0.5 0
0 0.5 0
-0.5 0 0
0.5 0 0